Unicode;Occurences;Position;Negative;Neutral;Positive;Sent_score;Uni_name
1f602;14622;0.805;0.247;0.285;0.468;0.221;FACE WITH TEARS OF JOY
2764;8050;0.747;0.044;0.166;0.79;0.746;HEAVY BLACK HEART
2665;7144;0.754;0.035;0.272;0.693;0.658;BLACK HEART SUIT
1f60d;6359;0.765;0.052;0.219;0.729;0.677;SMILING FACE WITH HEART-SHAPED EYES
1f62d;5526;0.803;0.436;0.22;0.343;-0.093;LOUDLY CRYING FACE
1f618;3648;0.854;0.053;0.193;0.754;0.701;FACE THROWING A KISS
1f60a;3186;0.813;0.06;0.237;0.704;0.644;SMILING FACE WITH SMILING EYES
1f44c;2925;0.805;0.094;0.249;0.657;0.563;OK HAND SIGN
1f495;2400;0.766;0.042;0.285;0.674;0.632;TWO HEARTS
1f44f;2336;0.787;0.104;0.271;0.624;0.52;CLAPPING HANDS SIGN
1f601;2189;0.796;0.127;0.296;0.577;0.45;GRINNING FACE WITH SMILING EYES
263a;2062;0.799;0.062;0.218;0.72;0.658;WHITE SMILING FACE
2661;1975;0.764;0.052;0.227;0.721;0.669;WHITE HEART SUIT
1f44d;1854;0.812;0.115;0.248;0.637;0.522;THUMBS UP SIGN
1f629;1808;0.826;0.591;0.186;0.223;-0.368;WEARY FACE
1f64f;1539;0.794;0.081;0.421;0.498;0.417;PERSON WITH FOLDED HANDS
270c;1534;0.79;0.113;0.31;0.576;0.463;VICTORY HAND
1f60f;1522;0.765;0.112;0.444;0.444;0.332;SMIRKING FACE
1f609;1521;0.845;0.1;0.337;0.563;0.463;WINKING FACE
1f64c;1506;0.791;0.101;0.238;0.661;0.56;PERSON RAISING BOTH HANDS IN CELEBRATION
1f648;1456;0.739;0.164;0.241;0.596;0.432;SEE-NO-EVIL MONKEY
1f4aa;1409;0.807;0.072;0.301;0.627;0.555;FLEXED BICEPS
1f604;1398;0.795;0.137;0.305;0.558;0.421;SMILING FACE WITH OPEN MOUTH AND SMILING EYES
1f612;1385;0.858;0.591;0.192;0.217;-0.374;UNAMUSED FACE
1f483;1344;0.853;0.045;0.177;0.779;0.734;DANCER
1f496;1263;0.762;0.043;0.201;0.755;0.712;SPARKLING HEART
1f603;1206;0.735;0.072;0.299;0.629;0.557;SMILING FACE WITH OPEN MOUTH
1f614;1205;0.866;0.464;0.219;0.318;-0.146;PENSIVE FACE
1f631;1130;0.773;0.264;0.282;0.454;0.19;FACE SCREAMING IN FEAR
1f389;1125;0.744;0.039;0.184;0.777;0.738;PARTY POPPER
1f61c;1035;0.822;0.112;0.322;0.566;0.454;FACE WITH STUCK-OUT TONGUE AND WINKING EYE
262f;992;0.384;0.006;0.987;0.007;0.001;YIN YANG
1f338;946;0.57;0.04;0.27;0.69;0.65;CHERRY BLOSSOM
1f49c;939;0.731;0.045;0.257;0.699;0.654;PURPLE HEART
1f499;912;0.703;0.033;0.204;0.763;0.73;BLUE HEART
2728;848;0.56;0.052;0.545;0.403;0.351;SPARKLES
1f633;846;0.797;0.327;0.327;0.345;0.018;FLUSHED FACE
1f497;836;0.8;0.051;0.241;0.708;0.657;GROWING HEART
2605;828;0.353;0.031;0.655;0.314;0.283;BLACK STAR
2588;798;0.634;0.09;0.853;0.057;-0.033;FULL BLOCK
2600;786;0.546;0.028;0.479;0.493;0.465;BLACK SUN WITH RAYS
1f621;756;0.862;0.532;0.108;0.36;-0.172;POUTING FACE
1f60e;754;0.766;0.106;0.297;0.597;0.491;SMILING FACE WITH SUNGLASSES
1f622;749;0.814;0.384;0.225;0.391;0.00700000000000001;CRYING FACE
1f48b;734;0.801;0.039;0.231;0.73;0.691;KISS MARK
1f60b;734;0.765;0.046;0.277;0.677;0.631;FACE SAVOURING DELICIOUS FOOD
1f64a;725;0.741;0.135;0.272;0.593;0.458;SPEAK-NO-EVIL MONKEY
1f634;718;0.85;0.422;0.237;0.341;-0.081;SLEEPING FACE
1f3b6;701;0.797;0.097;0.27;0.634;0.537;MULTIPLE MUSICAL NOTES
1f49e;687;0.829;0.041;0.18;0.78;0.739;REVOLVING HEARTS
1f60c;665;0.847;0.141;0.237;0.623;0.482;RELIEVED FACE
1f525;651;0.616;0.124;0.613;0.263;0.139;FIRE
1f4af;637;0.872;0.281;0.317;0.402;0.121;HUNDRED POINTS SYMBOL
1f52b;604;0.894;0.493;0.209;0.298;-0.195;PISTOL
1f49b;602;0.752;0.043;0.205;0.752;0.709;YELLOW HEART
1f481;549;0.84;0.192;0.29;0.518;0.326;INFORMATION DESK PERSON
1f49a;537;0.737;0.078;0.189;0.733;0.655;GREEN HEART
266b;533;0.397;0.063;0.586;0.351;0.288;BEAMED EIGHTH NOTES
1f61e;532;0.825;0.479;0.161;0.361;-0.118;DISAPPOINTED FACE
1f606;527;0.809;0.155;0.281;0.564;0.409;SMILING FACE WITH OPEN MOUTH AND TIGHTLY-CLOSED EYES
1f61d;496;0.809;0.132;0.313;0.555;0.423;FACE WITH STUCK-OUT TONGUE AND TIGHTLY-CLOSED EYES
1f62a;482;0.858;0.431;0.219;0.351;-0.08;SLEEPY FACE
fffd;472;0.113;0.166;0.581;0.253;0.087;REPLACEMENT CHARACTER
1f62b;467;0.84;0.485;0.174;0.34;-0.145;TIRED FACE
1f605;462;0.828;0.292;0.237;0.471;0.179;SMILING FACE WITH OPEN MOUTH AND COLD SWEAT
1f44a;458;0.825;0.265;0.243;0.492;0.227;FISTED HAND SIGN
1f480;456;0.739;0.468;0.27;0.261;-0.207;SKULL
1f600;439;0.786;0.086;0.26;0.654;0.568;GRINNING FACE
1f61a;424;0.853;0.049;0.192;0.759;0.71;KISSING FACE WITH CLOSED EYES
1f63b;417;0.73;0.069;0.243;0.688;0.619;SMILING CAT FACE WITH HEART-SHAPED EYES
a9;416;0.74;0.131;0.621;0.248;0.117;COPYRIGHT SIGN
1f440;410;0.759;0.228;0.482;0.291;0.063;EYES
1f498;395;0.785;0.048;0.221;0.731;0.683;HEART WITH ARROW
1f413;384;0.491;0.109;0.755;0.137;0.028;ROOSTER
2615;382;0.685;0.14;0.475;0.384;0.244;HOT BEVERAGE
1f44b;382;0.798;0.158;0.27;0.571;0.413;WAVING HAND SIGN
270b;378;0.838;0.328;0.218;0.454;0.126;RAISED HAND
1f38a;363;0.724;0.057;0.164;0.779;0.722;CONFETTI BALL
1f355;352;0.545;0.056;0.47;0.473;0.417;SLICE OF PIZZA
2744;349;0.76;0.099;0.295;0.605;0.506;SNOWFLAKE
1f625;341;0.882;0.317;0.244;0.439;0.122;DISAPPOINTED BUT RELIEVED FACE
1f615;340;0.857;0.601;0.195;0.204;-0.397;CONFUSED FACE
1f4a5;329;0.587;0.072;0.708;0.22;0.148;COLLISION SYMBOL
1f494;328;0.836;0.414;0.293;0.293;-0.121;BROKEN HEART
1f624;327;0.884;0.479;0.252;0.27;-0.209;FACE WITH LOOK OF TRIUMPH
1f608;325;0.762;0.204;0.326;0.47;0.266;SMILING FACE WITH HORNS
25ba;325;0.516;0.125;0.588;0.287;0.162;BLACK RIGHT-POINTING POINTER
2708;322;0.522;0.043;0.498;0.458;0.415;AIRPLANE
1f51d;303;0.798;0.088;0.35;0.562;0.474;TOP WITH UPWARDS ARROW ABOVE
1f630;302;0.92;0.436;0.148;0.416;-0.02;FACE WITH OPEN MOUTH AND COLD SWEAT
26bd;299;0.193;0.053;0.278;0.669;0.616;SOCCER BALL
1f611;299;0.844;0.513;0.285;0.202;-0.311;EXPRESSIONLESS FACE
1f451;298;0.699;0.043;0.219;0.738;0.695;CROWN
1f639;295;0.807;0.299;0.262;0.44;0.141;CAT FACE WITH TEARS OF JOY
1f449;292;0.559;0.071;0.468;0.461;0.39;WHITE RIGHT POINTING BACKHAND INDEX
1f343;291;0.572;0.102;0.418;0.48;0.378;LEAF FLUTTERING IN WIND
1f381;288;0.709;0.041;0.158;0.801;0.76;WRAPPED PRESENT
1f620;288;0.849;0.564;0.172;0.265;-0.299;ANGRY FACE
1f427;284;0.54;0.042;0.46;0.498;0.456;PENGUIN
2606;282;0.563;0.032;0.509;0.46;0.428;WHITE STAR
1f340;278;0.768;0.025;0.665;0.31;0.285;FOUR LEAF CLOVER
1f388;277;0.719;0.018;0.246;0.736;0.718;BALLOON
1f385;274;0.801;0.029;0.625;0.347;0.318;FATHER CHRISTMAS
1f613;273;0.845;0.431;0.217;0.351;-0.08;FACE WITH COLD SWEAT
1f623;271;0.903;0.54;0.131;0.328;-0.212;PERSEVERING FACE
1f610;270;0.883;0.553;0.282;0.165;-0.388;NEUTRAL FACE
270a;270;0.859;0.139;0.293;0.568;0.429;RAISED FIST
1f628;269;0.814;0.434;0.272;0.294;-0.14;FEARFUL FACE
1f616;268;0.869;0.483;0.188;0.328;-0.155;CONFOUNDED FACE
1f4a4;267;0.8;0.144;0.341;0.515;0.371;SLEEPING SYMBOL
1f493;259;0.783;0.061;0.214;0.725;0.664;BEATING HEART
1f44e;258;0.914;0.494;0.199;0.307;-0.187;THUMBS DOWN SIGN
1f4a6;252;0.779;0.141;0.247;0.612;0.471;SPLASHING SWEAT SYMBOL
2714;249;0.565;0.127;0.476;0.397;0.27;HEAVY CHECK MARK
1f637;246;0.84;0.474;0.221;0.305;-0.169;FACE WITH MEDICAL MASK
26a1;246;0.779;0.044;0.735;0.221;0.177;HIGH VOLTAGE SIGN
1f64b;236;0.733;0.13;0.255;0.615;0.485;HAPPY PERSON RAISING ONE HAND
1f384;236;0.633;0.067;0.335;0.598;0.531;CHRISTMAS TREE
1f4a9;229;0.84;0.409;0.297;0.293;-0.116;PILE OF POO
1f3b5;223;0.715;0.106;0.288;0.606;0.5;MUSICAL NOTE
27a1;222;0.478;0.013;0.827;0.16;0.147;BLACK RIGHTWARDS ARROW
1f61b;220;0.734;0.085;0.229;0.686;0.601;FACE WITH STUCK-OUT TONGUE
1f62c;214;0.794;0.267;0.272;0.461;0.194;GRIMACING FACE
1f46f;211;0.742;0.117;0.327;0.556;0.439;WOMAN WITH BUNNY EARS
1f48e;209;0.694;0.057;0.325;0.618;0.561;GEM STONE
1f33f;208;0.6;0.009;0.597;0.393;0.384;HERB
1f382;201;0.748;0.083;0.221;0.696;0.613;BIRTHDAY CAKE
1f31f;199;0.655;0.059;0.554;0.386;0.327;GLOWING STAR
1f52e;199;0.333;0.035;0.663;0.302;0.267;CRYSTAL BALL
2757;198;0.62;0.159;0.582;0.259;0.1;HEAVY EXCLAMATION MARK SYMBOL
1f46b;197;0.664;0.22;0.305;0.475;0.255;MAN AND WOMAN HOLDING HANDS
1f3c6;194;0.706;0.036;0.203;0.761;0.725;TROPHY
2716;193;0.515;0.046;0.597;0.357;0.311;HEAVY MULTIPLICATION X
261d;191;0.76;0.144;0.402;0.454;0.31;WHITE UP POINTING INDEX
1f619;191;0.876;0.021;0.18;0.799;0.778;KISSING FACE WITH SMILING EYES
26c4;191;0.739;0.077;0.325;0.598;0.521;SNOWMAN WITHOUT SNOW
1f445;190;0.738;0.124;0.29;0.585;0.461;TONGUE
266a;190;0.696;0.083;0.301;0.617;0.534;EIGHTH NOTE
1f342;189;0.635;0.036;0.38;0.583;0.547;FALLEN LEAF
1f48f;185;0.729;0.181;0.25;0.569;0.388;KISS
1f52a;183;0.764;0.21;0.511;0.28;0.07;HOCHO
1f334;178;0.676;0.077;0.32;0.602;0.525;PALM TREE
1f448;174;0.701;0.085;0.407;0.508;0.423;WHITE LEFT POINTING BACKHAND INDEX
1f339;172;0.664;0.023;0.354;0.623;0.6;ROSE
1f646;171;0.84;0.092;0.316;0.592;0.5;FACE WITH OK GESTURE
279c;170;0.559;0.052;0.734;0.214;0.162;HEAVY ROUND-TIPPED RIGHTWARDS ARROW
1f47b;168;0.741;0.17;0.433;0.398;0.228;GHOST
1f4b0;168;0.827;0.158;0.433;0.409;0.251;MONEY BAG
1f37b;165;0.745;0.107;0.274;0.619;0.512;CLINKING BEER MUGS
1f645;165;0.839;0.458;0.286;0.256;-0.202;FACE WITH NO GOOD GESTURE
1f31e;162;0.709;0.024;0.394;0.582;0.558;SUN WITH FACE
1f341;161;0.624;0.037;0.445;0.518;0.481;MAPLE LEAF
2b50;159;0.601;0.037;0.346;0.617;0.58;WHITE MEDIUM STAR
25aa;159;0.145;0.099;0.605;0.296;0.197;BLACK SMALL SQUARE
1f380;156;0.652;0.044;0.283;0.673;0.629;RIBBON
2501;156;0.54;0.094;0.635;0.27;0.176;BOX DRAWINGS HEAVY HORIZONTAL
2637;154;0.012;0.019;0.898;0.083;0.064;TRIGRAM FOR EARTH
1f437;152;0.603;0.077;0.477;0.445;0.368;PIG FACE
1f649;150;0.758;0.176;0.314;0.51;0.334;HEAR-NO-EVIL MONKEY
1f33a;150;0.629;0.02;0.412;0.569;0.549;HIBISCUS
1f485;149;0.756;0.184;0.243;0.572;0.388;NAIL POLISH
1f436;148;0.654;0.086;0.252;0.662;0.576;DOG FACE
1f31a;148;0.76;0.159;0.219;0.623;0.464;NEW MOON WITH FACE
1f47d;146;0.612;0.094;0.497;0.409;0.315;EXTRATERRESTRIAL ALIEN
1f3a4;144;0.671;0.122;0.279;0.599;0.477;MICROPHONE
1f46d;144;0.667;0.143;0.252;0.605;0.462;TWO WOMEN HOLDING HANDS
1f3a7;142;0.843;0.131;0.324;0.545;0.414;HEADPHONE
1f446;138;0.787;0.121;0.433;0.447;0.326;WHITE UP POINTING BACKHAND INDEX
1f378;138;0.663;0.092;0.277;0.631;0.539;COCKTAIL GLASS
1f377;137;0.604;0.057;0.493;0.45;0.393;WINE GLASS
ae;137;0.353;0.071;0.579;0.35;0.279;REGISTERED SIGN
1f349;136;0.648;0.079;0.245;0.676;0.597;WATERMELON
1f607;135;0.782;0.072;0.268;0.659;0.587;SMILING FACE WITH HALO
2611;135;0.69;0.022;0.855;0.123;0.101;BALLOT BOX WITH CHECK
1f3c3;135;0.735;0.094;0.406;0.5;0.406;RUNNER
1f63f;134;0.812;0.577;0.219;0.204;-0.373;CRYING CAT FACE
2502;134;0.483;0.007;0.642;0.35;0.343;BOX DRAWINGS LIGHT VERTICAL
1f4a3;131;0.847;0.306;0.381;0.313;0.00700000000000001;BOMB
1f37a;131;0.682;0.067;0.373;0.56;0.493;BEER MUG
25b6;131;0.498;0.06;0.672;0.269;0.209;BLACK RIGHT-POINTING TRIANGLE
1f632;129;0.854;0.386;0.295;0.318;-0.068;ASTONISHED FACE
1f3b8;125;0.605;0.016;0.453;0.531;0.515;GUITAR
1f379;123;0.764;0.048;0.246;0.706;0.658;TROPICAL DRINK
1f4ab;121;0.614;0.04;0.419;0.54;0.5;DIZZY SYMBOL
1f4da;119;0.692;0.189;0.287;0.525;0.336;BOOKS
1f636;117;0.869;0.425;0.292;0.283;-0.142;FACE WITHOUT MOUTH
1f337;116;0.623;0.008;0.445;0.546;0.538;TULIP
1f49d;115;0.774;0.076;0.203;0.72;0.644;HEART WITH RIBBON
1f4a8;115;0.711;0.11;0.398;0.492;0.382;DASH SYMBOL
1f3c8;114;0.823;0.068;0.333;0.598;0.53;AMERICAN FOOTBALL
1f48d;112;0.808;0.148;0.226;0.626;0.478;RING
2614;111;0.687;0.193;0.325;0.482;0.289;UMBRELLA WITH RAIN DROPS
1f478;111;0.654;0.061;0.272;0.667;0.606;PRINCESS
1f1ea;109;0.699;0.027;0.33;0.643;0.616;REGIONAL INDICATOR SYMBOL LETTER E
2591;108;0.439;0.234;0.577;0.189;-0.045;LIGHT SHADE
1f369;107;0.709;0.145;0.327;0.527;0.382;DOUGHNUT
1f47e;105;0.552;0.019;0.602;0.38;0.361;ALIEN MONSTER
2601;104;0.596;0.14;0.411;0.449;0.309;CLOUD
1f33b;104;0.607;0.019;0.393;0.589;0.57;SUNFLOWER
1f635;103;0.809;0.321;0.274;0.406;0.085;DIZZY FACE
1f4d2;102;0.474;0.01;0.943;0.048;0.038;LEDGER
21bf;102;0.711;0.01;0.333;0.657;0.647;UPWARDS HARPOON WITH BARB LEFTWARDS
1f42f;100;0.55;0.049;0.427;0.524;0.475;TIGER FACE
1f47c;99;0.683;0.176;0.314;0.51;0.334;BABY ANGEL
1f354;98;0.637;0.168;0.386;0.446;0.278;HAMBURGER
1f638;97;0.782;0.12;0.35;0.53;0.41;GRINNING CAT FACE WITH SMILING EYES
1f476;96;0.745;0.141;0.283;0.576;0.435;BABY
21be;96;0.707;0.01;0.333;0.657;0.647;UPWARDS HARPOON WITH BARB RIGHTWARDS
1f490;95;0.728;0.041;0.184;0.776;0.735;BOUQUET
1f30a;95;0.78;0.092;0.316;0.592;0.5;WATER WAVE
1f366;95;0.63;0.143;0.255;0.602;0.459;SOFT ICE CREAM
1f353;94;0.689;0.041;0.247;0.711;0.67;STRAWBERRY
1f447;94;0.557;0.144;0.464;0.392;0.248;WHITE DOWN POINTING BACKHAND INDEX
1f486;92;0.814;0.263;0.253;0.484;0.221;FACE MASSAGE
1f374;92;0.58;0.053;0.358;0.589;0.536;FORK AND KNIFE
1f627;92;0.775;0.389;0.284;0.326;-0.063;ANGUISHED FACE
1f1f8;91;0.655;0.096;0.298;0.606;0.51;REGIONAL INDICATOR SYMBOL LETTER S
1f62e;90;0.774;0.183;0.366;0.452;0.269;FACE WITH OPEN MOUTH
2593;90;0.658;0.032;0.925;0.043;0.011;DARK SHADE
1f6ab;88;0.703;0.538;0.363;0.099;-0.439;NO ENTRY SIGN
1f63d;88;0.754;0.132;0.165;0.703;0.571;KISSING CAT FACE WITH CLOSED EYES
1f308;88;0.672;0.066;0.352;0.582;0.516;RAINBOW
1f640;88;0.791;0.165;0.341;0.495;0.33;WEARY CAT FACE
26a0;88;0.489;0.187;0.692;0.121;-0.066;WARNING SIGN
1f3ae;86;0.467;0.101;0.371;0.528;0.427;VIDEO GAME
256f;84;0.507;0.23;0.552;0.218;-0.012;BOX DRAWINGS LIGHT ARC UP AND LEFT
1f346;84;0.719;0.08;0.437;0.483;0.403;AUBERGINE
1f370;84;0.783;0.161;0.23;0.609;0.448;SHORTCAKE
2713;84;0.628;0.115;0.483;0.402;0.287;CHECK MARK
1f450;83;0.876;0.395;0.233;0.372;-0.023;OPEN HANDS SIGN
1f647;83;0.794;0.291;0.279;0.43;0.139;PERSON BOWING DEEPLY
1f35f;83;0.65;0.174;0.349;0.477;0.303;FRENCH FRIES
1f34c;82;0.541;0.129;0.306;0.565;0.436;BANANA
1f491;82;0.683;0.071;0.2;0.729;0.658;COUPLE WITH HEART
1f46c;82;0.622;0.353;0.353;0.294;-0.059;TWO MEN HOLDING HANDS
1f423;81;0.776;0.155;0.214;0.631;0.476;HATCHING CHICK
1f383;81;0.724;0.083;0.238;0.679;0.596;JACK-O-LANTERN
25ac;81;0.335;0.012;0.512;0.476;0.464;BLACK RECTANGLE
fffc;81;0.309;0.536;0.405;0.06;-0.476;OBJECT REPLACEMENT CHARACTER
1f61f;80;0.824;0.349;0.229;0.422;0.073;WORRIED FACE
1f43e;78;0.739;0.111;0.173;0.716;0.605;PAW PRINTS
1f393;77;0.647;0.1;0.238;0.663;0.563;GRADUATION CAP
1f3ca;77;0.653;0.038;0.35;0.613;0.575;SWIMMER
1f36b;76;0.793;0.291;0.266;0.443;0.152;CHOCOLATE BAR
1f4f7;76;0.49;0.101;0.367;0.532;0.431;CAMERA
1f444;75;0.592;0.077;0.372;0.551;0.474;MOUTH
1f33c;74;0.604;0.026;0.169;0.805;0.779;BLOSSOM
1f6b6;74;0.797;0.377;0.39;0.234;-0.143;PEDESTRIAN
1f431;73;0.544;0.145;0.197;0.658;0.513;CAT FACE
2551;73;0.568;0.013;0.829;0.158;0.145;BOX DRAWINGS DOUBLE VERTICAL
1f438;72;0.846;0.333;0.413;0.253;-0.08;FROG FACE
1f1fa;71;0.683;0.122;0.216;0.662;0.54;REGIONAL INDICATOR SYMBOL LETTER U
1f47f;70;0.911;0.658;0.219;0.123;-0.535;IMP
1f6ac;70;0.805;0.123;0.233;0.644;0.521;SMOKING SYMBOL
273f;70;0.499;0.041;0.534;0.425;0.384;BLACK FLORETTE
1f4d6;68;0.71;0.268;0.296;0.437;0.169;OPEN BOOK
1f412;68;0.64;0.028;0.423;0.549;0.521;MONKEY
1f30d;68;0.624;0.085;0.239;0.676;0.591;EARTH GLOBE EUROPE-AFRICA
250a;68;0.682;0.014;0.014;0.972;0.958;BOX DRAWINGS LIGHT QUADRUPLE DASH VERTICAL
1f425;67;0.78;0.071;0.271;0.657;0.586;FRONT-FACING BABY CHICK
1f300;66;0.553;0.159;0.58;0.261;0.102;CYCLONE
1f43c;66;0.614;0.072;0.594;0.333;0.261;PANDA FACE
1f3a5;66;0.676;0.13;0.449;0.42;0.29;MOVIE CAMERA
1f484;66;0.637;0.101;0.362;0.536;0.435;LIPSTICK
1f4b8;66;0.79;0.246;0.348;0.406;0.16;MONEY WITH WINGS
26d4;65;0.406;0.088;0.338;0.574;0.486;NO ENTRY
25cf;65;0.561;0.132;0.559;0.309;0.177;BLACK CIRCLE
1f3c0;64;0.807;0.209;0.328;0.463;0.254;BASKETBALL AND HOOP
1f489;64;0.75;0.179;0.284;0.537;0.358;SYRINGE
1f49f;63;0.788;0.061;0.197;0.742;0.681;HEART DECORATION
1f697;62;0.638;0.138;0.492;0.369;0.231;AUTOMOBILE
1f62f;62;0.859;0.262;0.354;0.385;0.123;HUSHED FACE
1f4dd;62;0.795;0.138;0.492;0.369;0.231;MEMO
2550;62;0.441;0.015;0.954;0.031;0.016;BOX DRAWINGS DOUBLE HORIZONTAL
2666;61;0.562;0.109;0.328;0.563;0.454;BLACK DIAMOND SUIT
1f4ad;60;0.688;0.175;0.444;0.381;0.206;THOUGHT BALLOON
1f319;58;0.669;0.066;0.279;0.656;0.59;CRESCENT MOON
1f41f;58;0.677;0.049;0.213;0.738;0.689;FISH
1f463;58;0.639;0.115;0.426;0.459;0.344;FOOTPRINTS
261e;58;0.725;0.016;0.852;0.131;0.115;WHITE RIGHT POINTING INDEX
2702;58;0.81;0.574;0.311;0.115;-0.459;BLACK SCISSORS
1f5ff;58;0.942;0.098;0.361;0.541;0.443;MOYAI
1f35d;57;0.564;0.283;0.317;0.4;0.117;SPAGHETTI
1f46a;57;0.653;0.417;0.183;0.4;-0.017;FAMILY
1f36d;57;0.633;0.167;0.367;0.467;0.3;LOLLIPOP
1f303;56;0.748;0.068;0.475;0.458;0.39;NIGHT WITH STARS
274c;56;0.613;0.254;0.22;0.525;0.271;CROSS MARK
1f430;55;0.708;0.086;0.241;0.672;0.586;RABBIT FACE
1f48a;55;0.675;0.155;0.259;0.586;0.431;PILL
1f6a8;55;0.521;0.121;0.121;0.759;0.638;POLICE CARS REVOLVING LIGHT
1f626;54;0.882;0.544;0.281;0.175;-0.369;FROWNING FACE WITH OPEN MOUTH
1f36a;54;0.737;0.193;0.298;0.509;0.316;COOKIE
1f363;53;0.67;0.446;0.339;0.214;-0.232;SUSHI
256d;53;0.49;0.071;0.696;0.232;0.161;BOX DRAWINGS LIGHT ARC DOWN AND RIGHT
2727;53;0.399;0.036;0.607;0.357;0.321;WHITE FOUR POINTED STAR
1f386;52;0.799;0.055;0.182;0.764;0.709;FIREWORKS
256e;52;0.423;0.109;0.655;0.236;0.127;BOX DRAWINGS LIGHT ARC DOWN AND LEFT
1f38e;51;0.417;0.019;0.056;0.926;0.907;JAPANESE DOLLS
1f1e9;51;0.745;0.037;0.315;0.648;0.611;REGIONAL INDICATOR SYMBOL LETTER D
2705;51;0.673;0.074;0.444;0.481;0.407;WHITE HEAVY CHECK MARK
1f479;49;0.701;0.269;0.404;0.327;0.058;JAPANESE OGRE
1f4f1;49;0.72;0.096;0.5;0.404;0.308;MOBILE PHONE
1f64d;49;0.845;0.577;0.173;0.25;-0.327;PERSON FROWNING
1f351;49;0.739;0.25;0.25;0.5;0.25;PEACH
1f3bc;49;0.636;0.058;0.558;0.385;0.327;MUSICAL SCORE
1f50a;49;0.652;0.096;0.404;0.5;0.404;SPEAKER WITH THREE SOUND WAVES
1f30c;47;0.751;0.12;0.24;0.64;0.52;MILKY WAY
1f34e;47;0.751;0.14;0.4;0.46;0.32;RED APPLE
1f43b;47;0.692;0.14;0.28;0.58;0.44;BEAR FACE
2500;47;0.711;0.02;0.82;0.16;0.14;BOX DRAWINGS LIGHT HORIZONTAL
2570;47;0.51;0.16;0.74;0.1;-0.06;BOX DRAWINGS LIGHT ARC UP AND RIGHT
1f487;46;0.678;0.163;0.347;0.49;0.327;HAIRCUT
266c;46;0.677;0.102;0.551;0.347;0.245;BEAMED SIXTEENTH NOTES
265a;46;0.389;0.02;0.918;0.061;0.041;BLACK CHESS KING
1f534;45;0.656;0.042;0.521;0.438;0.396;LARGE RED CIRCLE
1f371;45;0.58;0.542;0.229;0.229;-0.313;BENTO BOX
1f34a;45;0.697;0.146;0.292;0.563;0.417;TANGERINE
1f352;45;0.619;0.146;0.396;0.458;0.312;CHERRIES
1f42d;45;0.823;0.021;0.271;0.708;0.687;MOUSE FACE
1f45f;45;0.562;0.125;0.333;0.542;0.417;ATHLETIC SHOE
1f30e;44;0.743;0.128;0.426;0.447;0.319;EARTH GLOBE AMERICAS
1f34d;44;0.583;0.17;0.191;0.638;0.468;PINEAPPLE
1f42e;43;0.847;0.065;0.283;0.652;0.587;COW FACE
1f4f2;43;0.598;0.174;0.413;0.413;0.239;MOBILE PHONE WITH RIGHTWARDS ARROW AT LEFT
263c;43;0.461;0.065;0.674;0.261;0.196;WHITE SUN WITH RAYS
1f305;42;0.604;0.156;0.333;0.511;0.355;SUNRISE
1f1f7;42;0.716;0.044;0.244;0.711;0.667;REGIONAL INDICATOR SYMBOL LETTER R
1f460;42;0.637;0.156;0.333;0.511;0.355;HIGH-HEELED SHOE
1f33d;42;0.649;0.133;0.289;0.578;0.445;EAR OF MAIZE
1f4a7;41;0.768;0.477;0.205;0.318;-0.159;DROPLET
2753;41;0.615;0.182;0.568;0.25;0.068;BLACK QUESTION MARK ORNAMENT
1f36c;41;0.784;0.205;0.227;0.568;0.363;CANDY
1f63a;40;0.826;0.209;0.186;0.605;0.396;SMILING CAT FACE WITH OPEN MOUTH
1f434;40;0.796;0.209;0.512;0.279;0.07;HORSE FACE
1f680;40;0.698;0.07;0.372;0.558;0.488;ROCKET
a6;40;0.402;0.186;0.047;0.767;0.581;BROKEN BAR
1f4a2;40;0.561;0.163;0.442;0.395;0.232;ANGER SYMBOL
1f3ac;40;0.65;0.07;0.581;0.349;0.279;CLAPPER BOARD
1f367;40;0.675;0.233;0.233;0.535;0.302;SHAVED ICE
1f35c;40;0.578;0.233;0.14;0.628;0.395;STEAMING BOWL
1f40f;40;0.976;0.07;0.302;0.628;0.558;RAM
1f418;40;0.722;0.233;0.512;0.256;0.023;ELEPHANT
1f467;40;0.649;0.256;0.349;0.395;0.139;GIRL
2800;40;0.378;0.163;0.628;0.209;0.046;BRAILLE PATTERN BLANK
1f3c4;39;0.773;0.071;0.333;0.595;0.524;SURFER
27a4;39;0.382;0.024;0.643;0.333;0.309;BLACK RIGHTWARDS ARROWHEAD
2b06;39;0.606;0.048;0.619;0.333;0.285;UPWARDS BLACK ARROW
1f34b;38;0.743;0.171;0.415;0.415;0.244;LEMON
1f197;38;0.852;0.171;0.122;0.707;0.536;SQUARED OK
26aa;37;0.565;0.025;0.5;0.475;0.45;MEDIUM WHITE CIRCLE
1f4fa;37;0.614;0.1;0.425;0.475;0.375;TELEVISION
1f345;37;0.838;0.25;0.15;0.6;0.35;TOMATO
26c5;37;0.616;0.125;0.3;0.575;0.45;SUN BEHIND CLOUD
1f422;37;0.622;0.175;0.45;0.375;0.2;TURTLE
1f459;37;0.697;0.1;0.3;0.6;0.5;BIKINI
1f3e1;36;0.744;0.154;0.256;0.59;0.436;HOUSE WITH GARDEN
1f33e;36;0.558;0.154;0.154;0.692;0.538;EAR OF RICE
25c9;36;0.047;0.026;0.692;0.282;0.256;FISHEYE
270f;35;0.625;0.105;0.447;0.447;0.342;PENCIL
1f42c;35;0.747;0.079;0.421;0.5;0.421;DOLPHIN
1f364;35;0.513;0.184;0.579;0.237;0.053;FRIED SHRIMP
1f1f9;35;0.584;0.026;0.368;0.605;0.579;REGIONAL INDICATOR SYMBOL LETTER T
2663;35;0.666;0.132;0.395;0.474;0.342;BLACK CLUB SUIT
1f41d;35;0.735;0.158;0.474;0.368;0.21;HONEYBEE
1f31d;34;0.718;0.162;0.486;0.351;0.189;FULL MOON WITH FACE
1f1ee;34;0.576;0.027;0.351;0.622;0.595;REGIONAL INDICATOR SYMBOL LETTER I
1f50b;34;0.583;0.622;0.243;0.135;-0.487;BATTERY
1f40d;34;0.623;0.108;0.432;0.459;0.351;SNAKE
2654;34;0.589;0.027;0.405;0.568;0.541;WHITE CHESS KING
1f373;33;0.798;0.389;0.194;0.417;0.028;COOKING
1f535;33;0.681;0.139;0.417;0.444;0.305;LARGE BLUE CIRCLE
1f63e;33;0.915;0.583;0.167;0.25;-0.333;POUTING CAT FACE
1f315;33;0.642;0.111;0.222;0.667;0.556;FULL MOON SYMBOL
1f428;33;0.696;0.139;0.278;0.583;0.444;KOALA
1f510;33;0.845;0.194;0.278;0.528;0.334;CLOSED LOCK WITH KEY
1f4bf;33;0.444;0.028;0.333;0.639;0.611;OPTICAL DISC
2741;33;0.493;0.028;0.889;0.083;0.055;EIGHT PETALLED OUTLINED BLACK FLORETTE
1f333;32;0.536;0.086;0.343;0.571;0.485;DECIDUOUS TREE
1f470;32;0.787;0.114;0.286;0.6;0.486;BRIDE WITH VEIL
2740;32;0.444;0.029;0.543;0.429;0.4;WHITE FLORETTE
2693;32;0.593;0.086;0.257;0.657;0.571;ANCHOR
1f6b4;32;0.573;0.029;0.286;0.686;0.657;BICYCLIST
2580;32;0.25;0.314;0.514;0.171;-0.143;UPPER HALF BLOCK
1f457;31;0.703;0.176;0.412;0.412;0.236;DRESS
2795;31;0.034;0.147;0.176;0.676;0.529;HEAVY PLUS SIGN
1f4ac;30;0.635;0.152;0.333;0.515;0.363;SPEECH BALLOON
2592;30;0.501;0.091;0.848;0.061;-0.03;MEDIUM SHADE
1f51c;30;0.606;0.182;0.364;0.455;0.273;SOON WITH RIGHTWARDS ARROW ABOVE
1f368;30;0.657;0.273;0.242;0.485;0.212;ICE CREAM
1f4b2;30;0.794;0.03;0.697;0.273;0.243;HEAVY DOLLAR SIGN
26fd;30;0.287;0.061;0.727;0.212;0.151;FUEL PUMP
1f359;29;0.566;0.188;0.344;0.469;0.281;RICE BALL
1f357;29;0.675;0.313;0.313;0.375;0.062;POULTRY LEG
1f372;29;0.673;0.25;0.375;0.375;0.125;POT OF FOOD
1f365;29;0.58;0.719;0.156;0.125;-0.594;FISH CAKE WITH SWIRL DESIGN
25b8;29;0.517;0.031;0.719;0.25;0.219;BLACK RIGHT-POINTING SMALL TRIANGLE
265b;29;0.49;0.156;0.5;0.344;0.188;BLACK CHESS QUEEN
1f63c;28;0.856;0.194;0.258;0.548;0.354;CAT FACE WITH WRY SMILE
1f419;28;0.678;0.097;0.419;0.484;0.387;OCTOPUS
1f468;28;0.694;0.097;0.29;0.613;0.516;MAN
1f35a;28;0.637;0.226;0.097;0.677;0.451;COOKED RICE
1f356;28;0.679;0.258;0.355;0.387;0.129;MEAT ON BONE
2668;28;0.665;0.032;0.065;0.903;0.871;HOT SPRINGS
1f3b9;28;0.466;0.032;0.581;0.387;0.355;MUSICAL KEYBOARD
2655;28;0.621;0.032;0.548;0.419;0.387;WHITE CHESS QUEEN
2583;28;0.373;0.032;0.032;0.935;0.903;LOWER THREE EIGHTHS BLOCK
1f698;27;0.65;0.3;0.333;0.367;0.067;ONCOMING AUTOMOBILE
1f34f;27;0.852;0.267;0.4;0.333;0.066;GREEN APPLE
1f469;27;0.732;0.333;0.267;0.4;0.067;WOMAN
1f466;27;0.606;0.2;0.467;0.333;0.133;BOY
1f1ec;27;0.582;0.1;0.533;0.367;0.267;REGIONAL INDICATOR SYMBOL LETTER G
1f1e7;27;0.595;0.1;0.533;0.367;0.267;REGIONAL INDICATOR SYMBOL LETTER B
2620;27;0.749;0.267;0.5;0.233;-0.034;SKULL AND CROSSBONES
1f420;26;0.768;0.172;0.241;0.586;0.414;TROPICAL FISH
1f6b9;26;0.812;0.069;0.172;0.759;0.69;MENS SYMBOL
1f4b5;26;0.807;0.138;0.345;0.517;0.379;BANKNOTE WITH DOLLAR SIGN
2730;26;0.195;0.034;0.138;0.828;0.794;SHADOWED WHITE STAR
2560;26;0.543;0.034;0.724;0.241;0.207;BOX DRAWINGS DOUBLE VERTICAL AND RIGHT
1f45b;25;0.696;0.179;0.286;0.536;0.357;PURSE
1f699;25;0.653;0.214;0.536;0.25;0.036;RECREATIONAL VEHICLE
1f331;25;0.561;0.036;0.357;0.607;0.571;SEEDLING
1f4bb;25;0.489;0.071;0.607;0.321;0.25;PERSONAL COMPUTER
1f30f;25;0.681;0.143;0.393;0.464;0.321;EARTH GLOBE ASIA-AUSTRALIA
2584;25;0.464;0.321;0.429;0.25;-0.071;LOWER HALF BLOCK
1f453;24;0.514;0.037;0.63;0.333;0.296;EYEGLASSES
25c4;24;0.672;0.037;0.704;0.259;0.222;BLACK LEFT-POINTING POINTER
26be;24;0.214;0.37;0.296;0.333;-0.037;BASEBALL
1f332;23;0.496;0.115;0.385;0.5;0.385;EVERGREEN TREE
1f474;23;0.784;0.231;0.308;0.462;0.231;OLDER MAN
1f3e0;23;0.642;0.077;0.346;0.577;0.5;HOUSE BUILDING
1f347;23;0.584;0.231;0.269;0.5;0.269;GRAPES
1f358;23;0.621;0.231;0.154;0.615;0.384;RICE CRACKER
1f35b;23;0.585;0.346;0.269;0.385;0.039;CURRY AND RICE
1f407;23;0.967;0.192;0.385;0.423;0.231;RABBIT
1f51e;23;0.814;0.269;0.5;0.231;-0.038;NO ONE UNDER EIGHTEEN SYMBOL
1f475;23;0.818;0.231;0.115;0.654;0.423;OLDER WOMAN
25c0;23;0.221;0.038;0.654;0.308;0.27;BLACK LEFT-POINTING TRIANGLE
1f519;23;0.144;0.115;0.577;0.308;0.193;BACK WITH LEFTWARDS ARROW ABOVE
1f335;23;0.67;0.269;0.269;0.462;0.193;CACTUS
1f43d;22;0.648;0.24;0.4;0.36;0.12;PIG NOSE
1f36e;22;0.701;0.44;0.24;0.32;-0.12;CUSTARD
1f387;22;0.821;0.08;0.16;0.76;0.68;FIREWORK SPARKLER
1f40e;22;0.698;0.12;0.36;0.52;0.4;HORSE
2794;22;0.541;0.16;0.8;0.04;-0.12;HEAVY WIDE-HEADED RIGHTWARDS ARROW
1f4b6;22;0.748;0.16;0.68;0.16;0;BANKNOTE WITH EURO SIGN
1f424;22;0.838;0.08;0.32;0.6;0.52;BABY CHICK
2569;22;0.811;0.04;0.72;0.24;0.2;BOX DRAWINGS DOUBLE UP AND HORIZONTAL
1f6c0;21;0.904;0.292;0.292;0.417;0.125;BATH
1f311;21;0.604;0.125;0.292;0.583;0.458;NEW MOON SYMBOL
1f6b2;21;0.583;0.083;0.458;0.458;0.375;BICYCLE
1f411;21;0.922;0.292;0.583;0.125;-0.167;SHEEP
1f3c1;21;0.618;0.042;0.417;0.542;0.5;CHEQUERED FLAG
1f35e;21;0.711;0.292;0.375;0.333;0.041;BREAD
1f3be;21;0.82;0.125;0.208;0.667;0.542;TENNIS RACQUET AND BALL
255a;21;0.714;0.042;0.625;0.333;0.291;BOX DRAWINGS DOUBLE UP AND RIGHT
1f239;21;0.35;0.083;0.542;0.375;0.292;SQUARED CJK UNIFIED IDEOGRAPH-5272
1f433;20;0.656;0.217;0.435;0.348;0.131;SPOUTING WHALE
1f46e;20;0.742;0.478;0.391;0.13;-0.348;POLICE OFFICER
2639;20;0.777;0.652;0.217;0.13;-0.522;WHITE FROWNING FACE
1f435;20;0.631;0.087;0.348;0.565;0.478;MONKEY FACE
272a;20;0.288;0.043;0.609;0.348;0.305;CIRCLED WHITE STAR
25d5;20;0.594;0.043;0.478;0.478;0.435;CIRCLE WITH ALL BUT UPPER LEFT QUADRANT BLACK
1f5fc;20;0.654;0.087;0.304;0.609;0.522;TOKYO TOWER
2590;20;0.304;0.217;0.696;0.087;-0.13;RIGHT HALF BLOCK
2660;20;0.533;0.043;0.609;0.348;0.305;BLACK SPADE SUIT
2533;20;0.399;0.478;0.391;0.13;-0.348;BOX DRAWINGS HEAVY DOWN AND HORIZONTAL
1f47a;19;0.825;0.409;0.364;0.227;-0.182;JAPANESE GOBLIN
1f41a;19;0.526;0.091;0.591;0.318;0.227;SPIRAL SHELL
1f442;19;0.682;0.364;0.409;0.227;-0.137;EAR
1f5fd;19;0.651;0.091;0.5;0.409;0.318;STATUE OF LIBERTY
1f375;19;0.65;0.182;0.273;0.545;0.363;TEACUP WITHOUT HANDLE
1f192;19;0.628;0.045;0.545;0.409;0.364;SQUARED COOL
1f36f;19;0.78;0.364;0.227;0.409;0.045;HONEY POT
1f43a;19;0.735;0.136;0.5;0.364;0.228;WOLF FACE
2,10E+09;19;0.541;0.045;0.455;0.5;0.455;RIGHTWARDS WHITE ARROW
27a8;19;0.558;0.136;0.591;0.273;0.137;HEAVY CONCAVE-POINTED BLACK RIGHTWARDS ARROW
1f313;19;0.458;0.045;0.318;0.636;0.591;FIRST QUARTER MOON SYMBOL
1f512;19;0.939;0.273;0.273;0.455;0.182;LOCK
256c;19;0.322;0.318;0.5;0.182;-0.136;BOX DRAWINGS DOUBLE VERTICAL AND HORIZONTAL
1f473;18;0.816;0.143;0.095;0.762;0.619;MAN WITH TURBAN
1f302;18;0.785;0.143;0.476;0.381;0.238;CLOSED UMBRELLA
1f68c;18;0.636;0.143;0.524;0.333;0.19;BUS
2669;18;0.792;0.048;0.381;0.571;0.523;QUARTER NOTE
1f361;18;0.7;0.286;0.476;0.238;-0.048;DANGO
2765;18;0.44;0.048;0.667;0.286;0.238;ROTATED HEAVY BLACK HEART BULLET
1f3a1;18;0.506;0.095;0.524;0.381;0.286;FERRIS WHEEL
1f48c;17;0.805;0.15;0.2;0.65;0.5;LOVE LETTER
1f429;17;0.87;0.05;0.55;0.4;0.35;POODLE
1f31c;17;0.604;0.05;0.4;0.55;0.5;LAST QUARTER MOON WITH FACE
231a;17;0.649;0.15;0.5;0.35;0.2;WATCH
1f6bf;17;0.669;0.1;0.2;0.7;0.6;SHOWER
1f416;17;0.814;0.05;0.75;0.2;0.15;PIG
1f506;17;0.605;0.05;0.35;0.6;0.55;HIGH BRIGHTNESS SYMBOL
1f31b;17;0.68;0.05;0.35;0.6;0.55;FIRST QUARTER MOON WITH FACE
1f482;17;0.691;0.45;0.25;0.3;-0.15;GUARDSMAN
1f414;17;0.627;0.1;0.5;0.4;0.3;CHICKEN
1f64e;17;0.641;0.45;0.15;0.4;-0.05;PERSON WITH POUTING FACE
1f3e9;16;0.587;0.158;0.263;0.579;0.421;LOVE HOTEL
1f1eb;16;0.718;0.053;0.421;0.526;0.473;REGIONAL INDICATOR SYMBOL LETTER F
1f528;16;0.739;0.368;0.368;0.263;-0.105;HAMMER
1f4e2;16;0.546;0.053;0.474;0.474;0.421;PUBLIC ADDRESS LOUDSPEAKER
1f426;16;0.758;0.053;0.474;0.474;0.421;BIRD
1f432;16;0.458;0.158;0.737;0.105;-0.053;DRAGON FACE
267b;16;0.439;0.053;0.421;0.526;0.473;BLACK UNIVERSAL RECYCLING SYMBOL
1f318;16;0.578;0.053;0.316;0.632;0.579;WANING CRESCENT MOON SYMBOL
1f350;16;0.845;0.316;0.211;0.474;0.158;PEAR
1f314;16;0.447;0.053;0.316;0.632;0.579;WAXING GIBBOUS MOON SYMBOL
2565;16;0.869;0.368;0.158;0.474;0.106;BOX DRAWINGS DOWN DOUBLE AND HORIZONTAL SINGLE
274a;16;0.452;0.053;0.895;0.053;0;EIGHT TEARDROP-SPOKED PROPELLER ASTERISK
1f456;15;0.91;0.111;0.444;0.444;0.333;JEANS
1f6ba;15;0.677;0.167;0.5;0.333;0.166;WOMENS SYMBOL
1f617;15;0.714;0.111;0.167;0.722;0.611;KISSING FACE
1f3ad;15;0.658;0.333;0.333;0.333;0;PERFORMING ARTS
1f404;15;0.826;0.167;0.389;0.444;0.277;COW
25df;15;0.647;0.167;0.722;0.111;-0.056;LOWER LEFT QUADRANT CIRCULAR ARC
1f362;15;0.684;0.333;0.444;0.222;-0.111;ODEN
1f3a8;15;0.491;0.111;0.611;0.278;0.167;ARTIST PALETTE
2b07;15;0.632;0.167;0.278;0.556;0.389;DOWNWARDS BLACK ARROW
1f6bc;15;0.693;0.056;0.333;0.611;0.555;BABY SYMBOL
26f2;15;0.697;0.111;0.722;0.167;0.056;FOUNTAIN
2581;15;0.711;0.056;0.889;0.056;0;LOWER ONE EIGHTH BLOCK
1f1f4;15;0.676;0.056;0.556;0.389;0.333;REGIONAL INDICATOR SYMBOL LETTER O
1f317;15;0.547;0.056;0.278;0.667;0.611;LAST QUARTER MOON SYMBOL
1f316;15;0.535;0.056;0.278;0.667;0.611;WANING GIBBOUS MOON SYMBOL
1f505;15;0.635;0.056;0.056;0.889;0.833;LOW BRIGHTNESS SYMBOL
1f45c;14;0.675;0.176;0.412;0.412;0.236;HANDBAG
1f40c;14;0.421;0.059;0.235;0.706;0.647;SNAIL
1f4bc;14;0.573;0.118;0.235;0.647;0.529;BRIEFCASE
1f695;14;0.526;0.235;0.529;0.235;0;TAXI
1f439;14;0.744;0.235;0.235;0.529;0.294;HAMSTER FACE
1f320;14;0.761;0.176;0.118;0.706;0.53;SHOOTING STAR
1f408;14;0.645;0.059;0.588;0.353;0.294;CAT
2,10E+08;14;0.461;0.059;0.765;0.176;0.117;UPWARDS WHITE ARROW
260e;14;0.837;0.176;0.647;0.176;0;BLACK TELEPHONE
1f301;14;0.744;0.118;0.588;0.294;0.176;FOGGY
26ab;14;0.441;0.235;0.294;0.471;0.236;MEDIUM BLACK CIRCLE
2667;14;0.775;0.059;0.412;0.529;0.47;WHITE CLUB SUIT
1f3f0;14;0.434;0.118;0.471;0.412;0.294;EUROPEAN CASTLE
1f6b5;14;0.556;0.059;0.529;0.412;0.353;MOUNTAIN BICYCLIST
1f3a2;14;0.826;0.118;0.294;0.588;0.47;ROLLER COASTER
1f3b7;14;0.76;0.059;0.235;0.706;0.647;SAXOPHONE
1f390;14;0.291;0.059;0.706;0.235;0.176;WIND CHIME
2508;14;0.793;0.765;0.059;0.176;-0.589;BOX DRAWINGS LIGHT QUADRUPLE DASH HORIZONTAL
2557;14;0.361;0.059;0.529;0.412;0.353;BOX DRAWINGS DOUBLE DOWN AND LEFT
2571;14;0.548;0.059;0.882;0.059;0;BOX DRAWINGS LIGHT DIAGONAL UPPER RIGHT TO LOWER LEFT
1f307;13;0.543;0.063;0.375;0.563;0.5;SUNSET OVER BUILDINGS
23f0;13;0.646;0.188;0.188;0.625;0.437;ALARM CLOCK
2,10E+10;13;0.504;0.063;0.875;0.063;0;DOWNWARDS WHITE ARROW
1f682;13;0.656;0.063;0.625;0.313;0.25;STEAM LOCOMOTIVE
2,50E+01;13;0.653;0.063;0.438;0.5;0.437;UPPER HALF CIRCLE
1f3bf;13;0.727;0.125;0.375;0.5;0.375;SKI AND SKI BOOT
2726;13;0.402;0.063;0.813;0.125;0.062;BLACK FOUR POINTED STAR
1f194;13;0.479;0.063;0.125;0.813;0.75;SQUARED ID
26ea;13;0.387;0.188;0.5;0.313;0.125;CHURCH
1f312;13;0.446;0.063;0.313;0.625;0.562;WAXING CRESCENT MOON SYMBOL
1f42a;13;0.837;0.063;0.313;0.625;0.562;DROMEDARY CAMEL
2554;13;0.31;0.063;0.625;0.313;0.25;BOX DRAWINGS DOUBLE DOWN AND RIGHT
255d;13;0.8;0.063;0.438;0.5;0.437;BOX DRAWINGS DOUBLE UP AND LEFT
1f454;12;0.52;0.2;0.267;0.533;0.333;NECKTIE
1f531;12;0.791;0.267;0.4;0.333;0.066;TRIDENT EMBLEM
1f193;12;0.551;0.067;0.667;0.267;0.2;SQUARED FREE
1f40b;12;0.866;0.2;0.4;0.4;0.2;WHALE
25bd;12;0.844;0.133;0.333;0.533;0.4;WHITE DOWN-POINTING TRIANGLE
2582;12;0.579;0.067;0.867;0.067;0;LOWER ONE QUARTER BLOCK
1f41b;12;0.673;0.2;0.333;0.467;0.267;BUG
1f455;12;0.795;0.133;0.333;0.533;0.4;T-SHIRT
1f68b;12;0.318;0.067;0.8;0.133;0.066;TRAM CAR
1f4b3;12;0.834;0.133;0.333;0.533;0.4;CREDIT CARD
1f306;12;0.765;0.2;0.467;0.333;0.133;CITYSCAPE AT DUSK
1f3e7;12;0.888;0.067;0.067;0.867;0.8;AUTOMATED TELLER MACHINE
1f4a1;12;0.598;0.067;0.267;0.667;0.6;ELECTRIC LIGHT BULB
1f539;12;0.17;0.2;0.467;0.333;0.133;SMALL BLUE DIAMOND
2b05;12;0.663;0.067;0.4;0.533;0.466;LEFTWARDS BLACK ARROW
1f360;12;0.939;0.4;0.2;0.4;0;ROASTED SWEET POTATO
1f42b;12;0.77;0.067;0.533;0.4;0.333;BACTRIAN CAMEL
1f3ea;12;0.374;0.2;0.533;0.267;0.067;CONVENIENCE STORE
6,00E+09;12;0.464;0.067;0.867;0.067;0;ARABIC PLACE OF SAJDAH
1f1f1;12;0.713;0.067;0.467;0.467;0.4;REGIONAL INDICATOR SYMBOL LETTER L
1f4f9;11;0.718;0.143;0.286;0.571;0.428;VIDEO CAMERA
1f45e;11;0.779;0.143;0.286;0.571;0.428;MANS SHOE
1f691;11;0.758;0.286;0.357;0.357;0.071;AMBULANCE
1f198;11;0.775;0.357;0.214;0.429;0.072;SQUARED SOS
1f45a;11;0.81;0.071;0.286;0.643;0.572;WOMANS CLOTHES
1f68d;11;0.66;0.357;0.214;0.429;0.072;ONCOMING BUS
25a1;11;0.674;0.571;0.071;0.357;-0.214;WHITE SQUARE
1f402;11;0.774;0.143;0.571;0.286;0.143;OX
1f6a3;11;0.713;0.071;0.286;0.643;0.572;ROWBOAT
2733;11;0.372;0.071;0.857;0.071;0;EIGHT SPOKED ASTERISK
1f3c9;11;0.837;0.071;0.357;0.571;0.5;RUGBY FOOTBALL
1f5fb;11;0.723;0.071;0.286;0.643;0.572;MOUNT FUJI
1f400;11;0.701;0.143;0.571;0.286;0.143;RAT
2566;11;0.22;0.071;0.5;0.429;0.358;BOX DRAWINGS DOUBLE DOWN AND HORIZONTAL
26fa;10;0.906;0.154;0.231;0.615;0.461;TENT
1f415;10;0.879;0.154;0.462;0.385;0.231;DOG
1f3c2;10;0.777;0.154;0.308;0.538;0.384;SNOWBOARDER
1f461;10;0.635;0.154;0.308;0.538;0.384;WOMANS SANDAL
1f4fb;10;0.726;0.154;0.385;0.462;0.308;RADIO
2712;10;0.544;0.154;0.462;0.385;0.231;BLACK NIB
1f330;10;0.786;0.077;0.308;0.615;0.538;CHESTNUT
1f3e2;10;0.542;0.077;0.692;0.231;0.154;OFFICE BUILDING
1f392;10;0.614;0.154;0.231;0.615;0.461;SCHOOL SATCHEL
2312;10;0.624;0.077;0.308;0.615;0.538;ARC
1f3eb;10;0.644;0.538;0.154;0.308;-0.23;SCHOOL
1f4f4;10;0.982;0.154;0.077;0.769;0.615;MOBILE PHONE OFF
1f6a2;10;0.818;0.308;0.154;0.538;0.23;SHIP
1f69a;10;0.479;0.231;0.615;0.154;-0.077;DELIVERY TRUCK
1f409;10;0.628;0.077;0.692;0.231;0.154;DRAGON
2752;10;0.587;0.077;0.615;0.308;0.231;UPPER RIGHT SHADOWED WHITE SQUARE
1f40a;10;0.846;0.231;0.462;0.308;0.077;CROCODILE
1f514;10;0.713;0.077;0.077;0.846;0.769;BELL
2,50E+03;10;0.572;0.077;0.231;0.692;0.615;BLACK LOWER RIGHT TRIANGLE
1f3e5;9;0.648;0.167;0.417;0.417;0.25;HOSPITAL
2754;9;0.787;0.333;0.333;0.333;0;WHITE QUESTION MARK ORNAMENT
1f696;9;0.8;0.333;0.417;0.25;-0.083;ONCOMING TAXI
1f0cf;9;0.686;0.333;0.25;0.417;0.084;PLAYING CARD BLACK JOKER
25bc;9;0.657;0.25;0.417;0.333;0.083;BLACK DOWN-POINTING TRIANGLE
258c;9;0.421;0.417;0.417;0.167;-0.25;LEFT HALF BLOCK
261b;9;0.554;0.083;0.5;0.417;0.334;BLACK RIGHT POINTING INDEX
2729;9;0.266;0.083;0.833;0.083;0;STRESS OUTLINED WHITE STAR
1f492;9;0.794;0.083;0.333;0.583;0.5;WEDDING
1f6a4;9;0.504;0.083;0.5;0.417;0.334;SPEEDBOAT
1f410;9;0.721;0.083;0.417;0.5;0.417;GOAT
25a0;9;0.79;0.5;0.25;0.25;-0.25;BLACK SQUARE
1f51a;9;0.869;0.167;0.333;0.5;0.333;END WITH LEFTWARDS ARROW ABOVE
1f3bb;9;0.721;0.083;0.5;0.417;0.334;VIOLIN
1f537;9;0.368;0.083;0.667;0.25;0.167;LARGE BLUE DIAMOND
1f6a6;9;0.454;0.25;0.417;0.333;0.083;VERTICAL TRAFFIC LIGHT
1f513;9;0.803;0.333;0.25;0.417;0.084;OPEN LOCK
1f3bd;9;0.904;0.083;0.417;0.5;0.417;RUNNING SHIRT WITH SASH
1f4c5;9;0.597;0.25;0.333;0.417;0.167;CALENDAR
1f3ba;9;0.646;0.167;0.083;0.75;0.583;TRUMPET
272f;9;0.321;0.083;0.833;0.083;0;PINWHEEL STAR
1f348;9;0.521;0.583;0.167;0.25;-0.333;MELON
2709;9;0.441;0.167;0.417;0.417;0.25;ENVELOPE
2563;9;0.642;0.083;0.833;0.083;0;BOX DRAWINGS DOUBLE VERTICAL AND LEFT
2,50E+05;9;0.669;0.083;0.083;0.833;0.75;BLACK UPPER LEFT TRIANGLE
25cb;8;0.625;0.091;0.364;0.545;0.454;WHITE CIRCLE
1f37c;8;0.89;0.182;0.182;0.636;0.454;BABY BOTTLE
1f4c0;8;0.843;0.182;0.545;0.273;0.091;DVD
1f69b;8;0.552;0.273;0.636;0.091;-0.182;ARTICULATED LORRY
1f4d3;8;0.835;0.182;0.455;0.364;0.182;NOTEBOOK
2609;8;0.986;0.091;0.636;0.273;0.182;SUN
1f4b4;8;0.837;0.364;0.455;0.182;-0.182;BANKNOTE WITH YEN SIGN
253c;8;0.595;0.273;0.455;0.273;0;BOX DRAWINGS LIGHT VERTICAL AND HORIZONTAL
1f403;8;0.83;0.091;0.818;0.091;0;WATER BUFFALO
27b0;8;0.255;0.455;0.182;0.364;-0.091;CURLY LOOP
1f50c;8;0.844;0.364;0.364;0.273;-0.091;ELECTRIC PLUG
1f344;8;0.482;0.273;0.455;0.273;0;MUSHROOM
1f4d5;8;0.688;0.182;0.455;0.364;0.182;CLOSED BOOK
1f4e3;8;0.665;0.182;0.273;0.545;0.363;CHEERING MEGAPHONE
1f693;8;0.655;0.091;0.545;0.364;0.273;POLICE CAR
1f417;8;0.757;0.091;0.364;0.545;0.454;BOAR
21aa;8;0.727;0.091;0.727;0.182;0.091;RIGHTWARDS ARROW WITH HOOK
26f3;8;0.66;0.091;0.182;0.727;0.636;FLAG IN HOLE
253b;8;0.436;0.636;0.091;0.273;-0.363;BOX DRAWINGS HEAVY UP AND HORIZONTAL
251b;8;0.712;0.091;0.273;0.636;0.545;BOX DRAWINGS HEAVY UP AND LEFT
2503;8;0.496;0.091;0.455;0.455;0.364;BOX DRAWINGS HEAVY VERTICAL
1f471;7;0.584;0.2;0.5;0.3;0.1;PERSON WITH BLOND HAIR
23f3;7;0.829;0.4;0.2;0.4;0;HOURGLASS WITH FLOWING SAND
1f4ba;7;0.5;0.2;0.4;0.4;0.2;SEAT
1f3c7;7;0.829;0.4;0.3;0.3;-0.1;HORSE RACING
263b;7;0.808;0.2;0.4;0.4;0.2;BLACK SMILING FACE
1f4de;7;0.64;0.1;0.4;0.5;0.4;TELEPHONE RECEIVER
24b6;7;0.467;0.3;0.5;0.2;-0.1;CIRCLED LATIN CAPITAL LETTER A
1f309;7;0.848;0.1;0.3;0.6;0.5;BRIDGE AT NIGHT
1f6a9;7;0.147;0.4;0.4;0.2;-0.2;TRIANGULAR FLAG ON POST
270e;7;0.547;0.1;0.3;0.6;0.5;LOWER RIGHT PENCIL
1f4c3;7;0.754;0.1;0.4;0.5;0.4;PAGE WITH CURL
1f3e8;7;0.803;0.1;0.6;0.3;0.2;HOTEL
1f4cc;7;0.799;0.6;0.2;0.2;-0.4;PUSHPIN
264e;7;0.855;0.3;0.5;0.2;-0.1;LIBRA
1f4b7;7;0.573;0.1;0.4;0.5;0.4;BANKNOTE WITH POUND SIGN
1f684;7;0.7;0.1;0.3;0.6;0.5;HIGH-SPEED TRAIN
25b2;7;0.338;0.1;0.3;0.6;0.5;BLACK UP-POINTING TRIANGLE
26f5;7;0.324;0.1;0.3;0.6;0.5;SAILBOAT
1f538;7;0.172;0.1;0.6;0.3;0.2;SMALL ORANGE DIAMOND
231b;7;0.797;0.3;0.3;0.4;0.1;HOURGLASS
1f69c;7;0.767;0.1;0.1;0.8;0.7;TRACTOR
1f406;7;0.55;0.1;0.5;0.4;0.3;LEOPARD
1f452;7;0.844;0.2;0.4;0.4;0.2;WOMANS HAT
2755;7;0.862;0.2;0.4;0.4;0.2;WHITE EXCLAMATION MARK ORNAMENT
1f51b;7;0.474;0.2;0.2;0.6;0.4;ON WITH EXCLAMATION MARK WITH LEFT RIGHT ARROW ABOVE
2662;7;0.868;0.1;0.5;0.4;0.3;WHITE DIAMOND SUIT
1f1f2;7;0.787;0.1;0.4;0.5;0.4;REGIONAL INDICATOR SYMBOL LETTER M
2745;7;0.247;0.1;0.2;0.7;0.6;TIGHT TRIFOLIATE SNOWFLAKE
1f45d;6;0.611;0.222;0.222;0.556;0.334;POUCH
271e;6;0.509;0.111;0.444;0.444;0.333;SHADOWED WHITE LATIN CROSS
2,50E+02;6;0.947;0.111;0.556;0.333;0.222;LOWER HALF CIRCLE
1f38b;6;0.786;0.222;0.111;0.667;0.445;TANABATA TREE
1f465;6;0.838;0.222;0.333;0.444;0.222;BUSTS IN SILHOUETTE
1f4f5;6;0.794;0.222;0.444;0.333;0.111;NO MOBILE PHONES
1f421;6;0.867;0.111;0.556;0.333;0.222;BLOWFISH
25c6;6;0.602;0.111;0.222;0.667;0.556;BLACK DIAMOND
1f3ef;6;0.53;0.111;0.667;0.222;0.111;JAPANESE CASTLE
2602;6;0.453;0.222;0.556;0.222;0;UMBRELLA
1f52d;6;0.716;0.111;0.444;0.444;0.333;TELESCOPE
1f3aa;6;0.608;0.111;0.556;0.333;0.222;CIRCUS TENT
1f41c;6;0.88;0.111;0.333;0.556;0.445;ANT
264c;6;0.79;0.111;0.222;0.667;0.556;LEO
2610;6;0.538;0.778;0.111;0.111;-0.667;BALLOT BOX
1f477;6;0.739;0.222;0.333;0.444;0.222;CONSTRUCTION WORKER
21b3;6;0.346;0.111;0.778;0.111;0;DOWNWARDS ARROW WITH TIP RIGHTWARDS
1f508;6;0.635;0.111;0.556;0.333;0.222;SPEAKER
1f4c4;6;0.624;0.111;0.111;0.778;0.667;PAGE FACING UP
1f4cd;6;0.489;0.222;0.444;0.333;0.111;ROUND PUSHPIN
1f690;6;0.776;0.111;0.222;0.667;0.556;MINIBUS
1f694;6;0.522;0.222;0.556;0.222;0;ONCOMING POLICE CAR
1f30b;6;0.38;0.111;0.333;0.556;0.445;VOLCANO
1f4e1;6;0.554;0.222;0.333;0.444;0.222;SATELLITE ANTENNA
2,30E+10;6;0.732;0.111;0.667;0.222;0.111;BLACK RIGHT-POINTING DOUBLE TRIANGLE
1f6b3;6;0.103;0.111;0.111;0.778;0.667;NO BICYCLES
2718;6;0.539;0.111;0.222;0.667;0.556;HEAVY BALLOT X
6de;6;0.472;0.111;0.778;0.111;0;ARABIC START OF RUB EL HIZB
263e;6;0.453;0.111;0.778;0.111;0;LAST QUARTER MOON
1f170;6;0.311;0.222;0.333;0.444;0.222;NEGATIVE SQUARED LATIN CAPITAL LETTER A
1f4e5;6;0.982;0.111;0.778;0.111;0;INBOX TRAY
1f1fc;6;0.734;0.111;0.444;0.444;0.333;REGIONAL INDICATOR SYMBOL LETTER W
2513;6;0.515;0.111;0.333;0.556;0.445;BOX DRAWINGS HEAVY DOWN AND LEFT
2523;6;0.487;0.111;0.333;0.556;0.445;BOX DRAWINGS HEAVY VERTICAL AND RIGHT
24c1;6;0.727;0.111;0.444;0.444;0.333;CIRCLED LATIN CAPITAL LETTER L
24ba;6;0.815;0.111;0.444;0.444;0.333;CIRCLED LATIN CAPITAL LETTER E
1f526;5;0.853;0.125;0.75;0.125;0;ELECTRIC TORCH
1f464;5;0.786;0.125;0.25;0.625;0.5;BUST IN SILHOUETTE
1f681;5;0.51;0.125;0.625;0.25;0.125;HELICOPTER
1f3a0;5;0.574;0.125;0.375;0.5;0.375;CAROUSEL HORSE
1f401;5;0.419;0.375;0.5;0.125;-0.25;MOUSE
1f4d7;5;0.789;0.25;0.375;0.375;0.125;GREEN BOOK
